I
1000 Generated by WorldEditor

1     65 1 0 KHHR Hawthorne Municipal
100 29.87 1 0 0.00 0 3 1 07  33.92248387 -118.34317532  277   25 2 0 0 0 25  33.92324686 -118.32705964  141   27 2 11 0 0
102 H3  33.92325943 -118.34220513  90.21 9.10 9.10 2 0 2 0.00 0
102 H5  33.92351285 -118.33532129 357.00 12.80 13.00 1 0 0 0.00 1
102 H4  33.92350365 -118.33551438 357.00 12.80 13.00 1 0 0 0.00 1
102 H6  33.92349577 -118.33570430 357.00 12.80 13.00 1 0 0 0.00 1
102 H2  33.92348396 -118.33590371 357.00 12.80 13.00 1 0 0 0.00 1
110 1 0.00 44.0000 New Taxiway 3
111  33.92177499 -118.34371894
111  33.92177692 -118.34326485
111  33.92189560 -118.34326660
113  33.92189390 -118.34372813
110 1 0.00 44.0000 New Taxiway 53
111  33.92162811 -118.34326178
111  33.92163188 -118.33691854
111  33.92139489 -118.33692079
111  33.92140401 -118.33590686
111  33.92169035 -118.33563838
111  33.92169073 -118.33553507
111  33.92191310 -118.33553730
111  33.92191418 -118.33622903
111  33.92177917 -118.33622903
111  33.92176891 -118.33724614
111  33.92186427 -118.33724475
111  33.92185282 -118.34044914
111  33.92177162 -118.34044914
111  33.92177823 -118.34106697
111  33.92177162 -118.34182588
113  33.92176690 -118.34326293
110 1 0.00 0.0000 New Taxiway 45
111  33.92162656 -118.33521292
111  33.92123014 -118.33521429
111  33.92123242 -118.33511104
111  33.92129526 -118.33495134
113  33.92162884 -118.33493069
110 4 0.00 44.0000 New Taxiway 3
111  33.92330019 -118.34366360
111  33.92328179 -118.34366390
112  33.92327822 -118.34365505  33.92327816 -118.34364618
111  33.92328153 -118.34364566
113  33.92330025 -118.34364574
110 4 0.00 44.0000 New Taxiway 12
111  33.92348005 -118.34169301
111  33.92346740 -118.34169306
111  33.92346747 -118.34167619
113  33.92347971 -118.34167621
110 3 0.00 44.0000 New Taxiway 5
111  33.92191948 -118.32741043
111  33.92192014 -118.32734901
111  33.92194358 -118.32734925
113  33.92194284 -118.32741062
110 3 0.00 44.0000 New Taxiway 4
112  33.92200958 -118.32773823  33.92200341 -118.32773840
111  33.92200069 -118.32772906
111  33.92200112 -118.32763220
112  33.92201002 -118.32762095  33.92201863 -118.32762095
111  33.92201863 -118.32763099
113  33.92201848 -118.32772699
110 3 0.00 44.0000 New Taxiway 3
112  33.92200909 -118.32793981  33.92200057 -118.32794038
111  33.92199962 -118.32793144
111  33.92199962 -118.32782831
112  33.92200909 -118.32781918  33.92201509 -118.32781918
111  33.92201920 -118.32782736
113  33.92201967 -118.32793087
110 3 0.00 44.0000 New Taxiway 6
111  33.92215781 -118.32808580
111  33.92211302 -118.32808580
111  33.92209881 -118.32804708
111  33.92214947 -118.32804634
111  33.92214020 -118.32764802
113  33.92214916 -118.32764728
110 4 0.00 44.0000 New Taxiway 3
111  33.92200593 -118.32670530
111  33.92201834 -118.32670579
111  33.92201728 -118.32733797
113  33.92200712 -118.32733776
110 3 0.00 44.0000 New Taxiway 2
112  33.92214811 -118.32693876  33.92214137 -118.32693889 20
111  33.92214050 -118.32693077 20
111  33.92214050 -118.32683303 20
112  33.92214768 -118.32682635  33.92215355 -118.32682648 20
111  33.92215507 -118.32683395 20
113  33.92215491 -118.32693013 20
110 3 0.00 44.0000 New Taxiway 144
111  33.92362806 -118.33859986 20
111  33.92362791 -118.33866879 20
112  33.92361909 -118.33866879  33.92361026 -118.33866879 20
111  33.92360715 -118.33865329 20
113  33.92360726 -118.33859986 20
110 3 0.00 44.0000 New Taxiway 143
111  33.92332679 -118.33906684 20
112  33.92333924 -118.33906703  33.92334929 -118.33906721 20
111  33.92335293 -118.33907666 20
111  33.92335236 -118.33912608 20
113  33.92332663 -118.33912649 20
110 3 0.00 44.0000 New Taxiway 142
111  33.92338205 -118.33889451 20
112  33.92336760 -118.33887193  33.92336760 -118.33885281 20
111  33.92338106 -118.33885002 20
111  33.92356152 -118.33884945 20
111  33.92358909 -118.33880887 20
111  33.92363076 -118.33880908 20
112  33.92363040 -118.33887377  33.92363096 -118.33889697 20
111  33.92362999 -118.33894243 20
111  33.92358938 -118.33894273 20
113  33.92356143 -118.33889458 20
110 1 0.00 44.0000 New Taxiway 5
111  33.92261771 -118.34318475
111  33.92266361 -118.34225487
111  33.92277154 -118.33985444
111  33.92283679 -118.33861104
111  33.92288753 -118.33744625
111  33.92296163 -118.33587476
111  33.92303331 -118.33432656
111  33.92315850 -118.33170455
111  33.92337533 -118.33172212
111  33.92325159 -118.33437316
111  33.92320729 -118.33531179
111  33.92309131 -118.33768699
111  33.92304217 -118.33875957
111  33.92297854 -118.34012917
111  33.92288108 -118.34218211
113  33.92282793 -118.34320032
110 1 0.00 44.0000 New Taxiway 7
111  33.92303314 -118.34185328
111  33.92328775 -118.34185730
111  33.92330772 -118.34189607
111  33.92347609 -118.34189922
111  33.92347856 -118.34160194
111  33.92362241 -118.34160283
111  33.92361687 -118.34247476
113  33.92299946 -118.34247662
110 2 0.00 0.0000 New Taxiway 6
111  33.92341154 -118.33524121
111  33.92344829 -118.33524382
111  33.92337046 -118.33673147
113  33.92333479 -118.33672757
110 2 0.00 356.5000 New Taxiway 5
111  33.92363849 -118.33524823
111  33.92358757 -118.33524178
111  33.92358400 -118.33518149
111  33.92343571 -118.33497155
111  33.92349467 -118.33379483
111  33.92362365 -118.33379090
111  33.92362466 -118.33269877
113  33.92364287 -118.33269843
110 3 0.00 44.0000 New Taxiway 3
111  33.92216298 -118.32710877
111  33.92218056 -118.32710917
111  33.92218380 -118.32750191
111  33.92235086 -118.32750112
111  33.92235083 -118.32758235
111  33.92234942 -118.32768508
111  33.92214762 -118.32767918
112  33.92214415 -118.32763318  33.92213742 -118.32761848
113  33.92215814 -118.32754941
110 3 0.00 44.0000 New Taxiway 2
111  33.92221601 -118.32706533
111  33.92221601 -118.32707458
111  33.92213128 -118.32707369
113  33.92213140 -118.32706547
110 3 0.00 44.0000 New Taxiway 1
111  33.92227541 -118.32707449
111  33.92227554 -118.32706509
111  33.92238954 -118.32706473
113  33.92238961 -118.32707420
110 2 0.00 358.0000 xxx
111  33.92216829 -118.34215029
111  33.92214413 -118.34215058
111  33.92202773 -118.34215058
111  33.92186915 -118.34215234
111  33.92187006 -118.34182353
111  33.92177002 -118.34182168
111  33.92177386 -118.34106774
111  33.92184495 -118.34106793
111  33.92186385 -118.33724528
111  33.92191576 -118.33724541
111  33.92191467 -118.33626050
111  33.92191298 -118.33553730
111  33.92206448 -118.33554020
111  33.92206939 -118.33547498
111  33.92207387 -118.33532652
111  33.92208489 -118.33510832
111  33.92209794 -118.33483802
111  33.92211215 -118.33462066
111  33.92212468 -118.33435176
111  33.92213900 -118.33403914
111  33.92214257 -118.33382779
111  33.92216627 -118.33322211
111  33.92221490 -118.33220757
111  33.92227873 -118.33094208
111  33.92230076 -118.33061145
111  33.92223984 -118.33060016
111  33.92223281 -118.33061710
111  33.92214611 -118.33062275
111  33.92211097 -118.33062336
111  33.92207576 -118.33063108
111  33.92205656 -118.33063879
111  33.92204215 -118.33065808
111  33.92202615 -118.33068122
111  33.92201015 -118.33071594
111  33.92200534 -118.33073522
111  33.92199094 -118.33072944
111  33.92199734 -118.33071015
111  33.92200374 -118.33067736
111  33.92202615 -118.33063493
111  33.92205016 -118.33060600
111  33.92208216 -118.33057129
111  33.92214778 -118.33049800
111  33.92215899 -118.33048835
111  33.92217339 -118.33048450
111  33.92218714 -118.33012263
111  33.92222469 -118.32933198
111  33.92224099 -118.32895080
111  33.92223618 -118.32895224
111  33.92224099 -118.32880154
111  33.92225542 -118.32880009
111  33.92225542 -118.32873054
111  33.92222147 -118.32872456
111  33.92220997 -118.32872555
111  33.92220586 -118.32872060
111  33.92220094 -118.32871268
111  33.92219601 -118.32870773
111  33.92219108 -118.32870872
111  33.92218698 -118.32870971
111  33.92218615 -118.32864340
111  33.92215084 -118.32863944
111  33.92210895 -118.32863251
111  33.92208600 -118.32863068
111  33.92206463 -118.32861419
111  33.92205876 -118.32861139
111  33.92204638 -118.32858146
111  33.92204030 -118.32856107
111  33.92203091 -118.32852431
111  33.92199248 -118.32847291
111  33.92199529 -118.32808736
111  33.92238237 -118.32808413
111  33.92238037 -118.32793483
111  33.92237443 -118.32768445
111  33.92234900 -118.32768508
111  33.92235045 -118.32750112
111  33.92237945 -118.32750192
111  33.92246704 -118.32750040
111  33.92246662 -118.32707444
111  33.92248485 -118.32707525
111  33.92248784 -118.32699613
111  33.92274486 -118.32701358
111  33.92272479 -118.32743595
111  33.92272179 -118.32762293
111  33.92264156 -118.32762519
111  33.92261487 -118.32813666
111  33.92260249 -118.32848745
111  33.92259207 -118.32868477
111  33.92258879 -118.32873129
111  33.92258140 -118.32875801
111  33.92256743 -118.32877385
111  33.92255512 -118.32877979
111  33.92254033 -118.32878177
111  33.92251487 -118.32878177
111  33.92248708 -118.32941173
111  33.92246106 -118.33001708
111  33.92243153 -118.33059658
111  33.92241580 -118.33094486
111  33.92237937 -118.33173943
111  33.92233134 -118.33261954
111  33.92227025 -118.33389214
111  33.92224825 -118.33441267
111  33.92219806 -118.33544115
111  33.92217977 -118.33580585
111  33.92216775 -118.33608908
111  33.92214151 -118.33663050
111  33.92211528 -118.33712581
111  33.92208479 -118.33765544
111  33.92208224 -118.33810745
111  33.92208464 -118.33824366
111  33.92208538 -118.33846349
111  33.92208289 -118.33885868
111  33.92208387 -118.33933667
111  33.92208361 -118.33967766
111  33.92208275 -118.34030761
111  33.92207940 -118.34118799
111  33.92207965 -118.34159958
111  33.92208100 -118.34167729
111  33.92209389 -118.34171893
111  33.92210272 -118.34173611
111  33.92211018 -118.34174838
111  33.92212104 -118.34176228
111  33.92213597 -118.34178109
111  33.92214819 -118.34179664
111  33.92216109 -118.34180645
111  33.92216732 -118.34179094
113  33.92217329 -118.34180420
111  33.92216522 -118.32816569
111  33.92216599 -118.32818261
111  33.92241310 -118.32817400
113  33.92241208 -118.32815923
112  33.92212390 -118.32839976  33.92213007 -118.32839976
111  33.92213173 -118.32839162
111  33.92213166 -118.32830420
112  33.92212385 -118.32829627  33.92211645 -118.32829578
111  33.92211544 -118.32830550
113  33.92211562 -118.32839388
110 1 0.00 0.0000 xxx
111  33.92250872 -118.33975787
111  33.92247240 -118.33975822
111  33.92256192 -118.33779875
113  33.92260252 -118.33780049
110 1 0.00 0.0000 xxx
111  33.92262244 -118.33737843
111  33.92258124 -118.33737776
111  33.92265579 -118.33559433
111  33.92270696 -118.33469567
113  33.92275062 -118.33469659
110 2 0.00 0.0000 xxx
111  33.92177975 -118.33086360
111  33.92186836 -118.33086402
111  33.92186888 -118.33101780
111  33.92186907 -118.33156135
111  33.92186532 -118.33211970
113  33.92178373 -118.33211977
110 2 0.00 356.5000 xxx
111  33.92337474 -118.33176829
111  33.92337816 -118.33172855
111  33.92340138 -118.33129191
112  33.92350520 -118.33140588  33.92354629 -118.33147371
111  33.92355410 -118.33162567
111  33.92358120 -118.33162793
111  33.92355142 -118.33183453
111  33.92352950 -118.33222223
111  33.92339914 -118.33491795
111  33.92333738 -118.33482482
111  33.92330244 -118.33568831
111  33.92322319 -118.33751921
111  33.92316669 -118.33892280
111  33.92312166 -118.34012431
111  33.92300233 -118.34244236
111  33.92297261 -118.34304926
111  33.92294026 -118.34343431
111  33.92284908 -118.34343448
111  33.92284886 -118.34340696
111  33.92284886 -118.34339434
111  33.92284538 -118.34338050
111  33.92283919 -118.34336368
111  33.92283243 -118.34334157
111  33.92282099 -118.34334050
113  33.92282337 -118.34329260
110 1 0.00 90.0000 xxx
111  33.92337424 -118.32706775
111  33.92338367 -118.32706918
111  33.92338621 -118.32705219
111  33.92341813 -118.32705323
111  33.92335433 -118.32834043
111  33.92326779 -118.33022208
111  33.92323011 -118.33103192
111  33.92331657 -118.33103268
112  33.92335481 -118.33092615  33.92339354 -118.33088174
111  33.92343616 -118.33087643
111  33.92343554 -118.33079033
111  33.92350803 -118.33079081
111  33.92350952 -118.33087557
112  33.92355840 -118.33089805  33.92358824 -118.33091738
111  33.92360146 -118.33095256
111  33.92360375 -118.32990785
111  33.92360345 -118.32853182
111  33.92360308 -118.32724351
111  33.92360160 -118.32701943
111  33.92359238 -118.32697555
111  33.92358405 -118.32694543
111  33.92356907 -118.32690929
111  33.92355156 -118.32687817
111  33.92352991 -118.32684604
111  33.92351646 -118.32682859
111  33.92349694 -118.32680801
111  33.92348472 -118.32679658
111  33.92346279 -118.32679037
111  33.92344892 -118.32678843
111  33.92345092 -118.32673103
111  33.92349112 -118.32674293
111  33.92352688 -118.32677282
111  33.92355904 -118.32681594
111  33.92359389 -118.32686575
111  33.92362319 -118.32694855
111  33.92363600 -118.32701140
111  33.92363894 -118.32745828
111  33.92363495 -118.32874031
111  33.92363280 -118.33066035
111  33.92364319 -118.33126453
111  33.92363757 -118.33226029
111  33.92363637 -118.33405082
111  33.92363681 -118.33522363
111  33.92358733 -118.33522253
111  33.92358642 -118.33515848
111  33.92334196 -118.33482757
111  33.92333731 -118.33482227
111  33.92339662 -118.33374370
111  33.92345360 -118.33248688
111  33.92338251 -118.33174016
111  33.92326689 -118.33165134
113  33.92315558 -118.33181300
110 1 0.00 0.0000 xxx
111  33.92277037 -118.33414841
111  33.92273087 -118.33414893
111  33.92278707 -118.33281013
111  33.92283493 -118.33174441
111  33.92284253 -118.33175324
111  33.92284749 -118.33177973
111  33.92284787 -118.33184472
113  33.92288080 -118.33184472
110 1 0.00 0.0000 xxx
111  33.92234931 -118.34316450
111  33.92231011 -118.34359284
111  33.92230533 -118.34372456
111  33.92210291 -118.34371890
111  33.92210167 -118.34368775
111  33.92197822 -118.34368694
111  33.92197006 -118.34359735
111  33.92197712 -118.34377023
111  33.92189360 -118.34376770
111  33.92189638 -118.34326141
111  33.92189853 -118.34214945
111  33.92202818 -118.34215104
111  33.92216829 -118.34215029
111  33.92217329 -118.34180280
111  33.92218454 -118.34180407
112  33.92221024 -118.34184494  33.92223498 -118.34186005
111  33.92227149 -118.34185948
112  33.92235163 -118.34182611  33.92237971 -118.34179228
111  33.92238165 -118.34175578
111  33.92245904 -118.34016797
113  33.92249080 -118.34016956
110 1 0.00 0.0000 xxx
111  33.92218454 -118.34180407
111  33.92216671 -118.34180298
111  33.92216150 -118.34180652
111  33.92214861 -118.34179665
111  33.92213637 -118.34178109
111  33.92212148 -118.34176228
111  33.92211062 -118.34174833
111  33.92210313 -118.34173612
111  33.92209431 -118.34171892
111  33.92208143 -118.34167726
111  33.92208015 -118.34159985
111  33.92207971 -118.34118828
111  33.92208359 -118.34030799
111  33.92208343 -118.33967814
111  33.92208634 -118.33933974
111  33.92208252 -118.33885970
111  33.92208491 -118.33846411
111  33.92208676 -118.33824529
111  33.92208147 -118.33810951
111  33.92208427 -118.33765478
111  33.92211525 -118.33712658
111  33.92214204 -118.33662941
111  33.92216881 -118.33608777
111  33.92218072 -118.33580723
111  33.92220101 -118.33544293
111  33.92224957 -118.33441446
111  33.92227046 -118.33389368
111  33.92233204 -118.33261869
111  33.92237875 -118.33173894
111  33.92241561 -118.33094440
111  33.92243337 -118.33059543
111  33.92246205 -118.33001516
111  33.92248917 -118.32941073
111  33.92251564 -118.32878214
111  33.92254100 -118.32878214
111  33.92255556 -118.32878001
111  33.92256813 -118.32877409
111  33.92258191 -118.32875821
111  33.92258938 -118.32873144
111  33.92259261 -118.32868486
111  33.92260272 -118.32848750
111  33.92261544 -118.32813720
111  33.92264156 -118.32762519
111  33.92272179 -118.32762293
111  33.92272333 -118.32748512
111  33.92274486 -118.32701358
111  33.92283002 -118.32701801
111  33.92283040 -118.32703807
112  33.92291627 -118.32702643  33.92298858 -118.32702977
111  33.92311419 -118.32703654
111  33.92309623 -118.32739998
111  33.92303570 -118.32859854
111  33.92299199 -118.32859710
111  33.92304965 -118.32746959
112  33.92295564 -118.32741009  33.92285066 -118.32741089
111  33.92295564 -118.32741009
112  33.92295564 -118.32741009  33.92288875 -118.32741170
111  33.92286820 -118.32750486
111  33.92282699 -118.32834505
111  33.92281536 -118.32859672
112  33.92282595 -118.32864087  33.92283871 -118.32865698
111  33.92285299 -118.32865418
111  33.92295357 -118.32866111
112  33.92298116 -118.32865086  33.92299331 -118.32863768
111  33.92299132 -118.32862560
111  33.92299320 -118.32859930
111  33.92302577 -118.32859849
111  33.92303570 -118.32859854
111  33.92301555 -118.32902279
111  33.92297925 -118.32902063
111  33.92298273 -118.32894095
112  33.92297603 -118.32889624  33.92296735 -118.32888415
111  33.92295019 -118.32888111
111  33.92282712 -118.32887748
112  33.92279795 -118.32888883  33.92278592 -118.32890414
111  33.92278965 -118.32891418
111  33.92275241 -118.32983817
111  33.92268631 -118.33125130
112  33.92270778 -118.33132317  33.92273339 -118.33135343
111  33.92278775 -118.33134848
112  33.92285513 -118.33131483  33.92287471 -118.33128881
111  33.92287487 -118.33126956
111  33.92297925 -118.32902063
111  33.92301555 -118.32902279
111  33.92288051 -118.33184498
111  33.92284773 -118.33184497
111  33.92284735 -118.33177994
111  33.92283493 -118.33174441
111  33.92283639 -118.33165928
112  33.92281531 -118.33161355  33.92280134 -118.33160037
111  33.92276359 -118.33159653
112  33.92269802 -118.33161712  33.92267554 -118.33163543
111  33.92267279 -118.33167353
111  33.92264331 -118.33213090
111  33.92258442 -118.33332592
111  33.92254312 -118.33423776
112  33.92255742 -118.33429996  33.92257318 -118.33431947
111  33.92260089 -118.33431703
111  33.92269146 -118.33431999
112  33.92272095 -118.33430451  33.92272884 -118.33429101
111  33.92272896 -118.33427027
111  33.92273061 -118.33414880
111  33.92277672 -118.33414885
111  33.92275477 -118.33460157
111  33.92275062 -118.33469659
111  33.92270686 -118.33469575
112  33.92270651 -118.33460147  33.92269912 -118.33457798
111  33.92268234 -118.33457578
111  33.92264465 -118.33457328
111  33.92256339 -118.33457088
112  33.92253050 -118.33459307  33.92252031 -118.33461216
111  33.92252236 -118.33465240
111  33.92250760 -118.33501819
111  33.92243543 -118.33641999
111  33.92239147 -118.33742712
112  33.92240626 -118.33747047  33.92242319 -118.33748705
111  33.92243885 -118.33748354
111  33.92253900 -118.33748621
112  33.92257371 -118.33746072  33.92257979 -118.33743808
111  33.92258102 -118.33737772
111  33.92262244 -118.33737843
111  33.92260363 -118.33780182
111  33.92256186 -118.33779877
111  33.92256454 -118.33769439
112  33.92255584 -118.33766050  33.92254716 -118.33764785
111  33.92252263 -118.33764559
111  33.92242948 -118.33764433
112  33.92238790 -118.33766495  33.92237420 -118.33768750
111  33.92237329 -118.33771821
111  33.92227667 -118.33980551
112  33.92228915 -118.33985956  33.92230321 -118.33987424
111  33.92231352 -118.33987369
111  33.92242629 -118.33987541
112  33.92246318 -118.33984203  33.92247368 -118.33980342
111  33.92247240 -118.33975822
111  33.92251011 -118.33975845
111  33.92249080 -118.34016956
111  33.92245904 -118.34016797
112  33.92244943 -118.34011288  33.92243707 -118.34009203
111  33.92240715 -118.34008804
111  33.92232181 -118.34008721
112  33.92227460 -118.34010235  33.92226393 -118.34012058
111  33.92226025 -118.34014763
113  33.92225296 -118.34041214
110 1 0.00 90.0000 New Taxiway 16
111  33.92238797 -118.32662086
111  33.92238960 -118.32706472
111  33.92213116 -118.32706554
111  33.92213051 -118.32750100
111  33.92201829 -118.32749936
111  33.92201693 -118.32733790
111  33.92201855 -118.32670601
111  33.92200559 -118.32670519
113  33.92200737 -118.32662125
111  33.92205799 -118.32705540
111  33.92205759 -118.32746959
112  33.92206907 -118.32748525  33.92208074 -118.32748607
111  33.92208322 -118.32746997
111  33.92208466 -118.32705671
114  33.92207087 -118.32703898  33.92205707 -118.32703898
111  33.92215556 -118.32693000
111  33.92215583 -118.32683382
112  33.92214779 -118.32682583  33.92214072 -118.32682570
111  33.92213996 -118.32683290
111  33.92213996 -118.32693064
114  33.92214790 -118.32693955  33.92215566 -118.32693915
110 3 0.00 90.0000 New Taxiway 9
111  33.92205808 -118.32746968 20
111  33.92205841 -118.32705540 20
112  33.92207087 -118.32703965  33.92208417 -118.32703957 20
111  33.92208438 -118.32705662 20
111  33.92208280 -118.32746971 20
114  33.92206956 -118.32748474  33.92205779 -118.32748499 20
110 1 0.00 0.0000 xxx
111  33.92343841 -118.32705513
111  33.92338166 -118.32705116
111  33.92339445 -118.32677781
111  33.92312632 -118.32675892
111  33.92311394 -118.32703694
111  33.92248826 -118.32699613
111  33.92248527 -118.32707525
111  33.92246704 -118.32707444
111  33.92246736 -118.32750067
111  33.92238704 -118.32750202
111  33.92238959 -118.32707297
111  33.92238624 -118.32667734
111  33.92315095 -118.32667726
113  33.92345441 -118.32667976
110 4 0.00 44.0000 New Taxiway 8
111  33.92166762 -118.33508707
111  33.92166699 -118.33506884
111  33.92168464 -118.33506858
113  33.92168485 -118.33508581
110 1 0.00 0.0000 xxx
111  33.92199571 -118.32808736
111  33.92199290 -118.32847291
111  33.92203133 -118.32852431
111  33.92204680 -118.32858146
111  33.92205920 -118.32861142
111  33.92206514 -118.32861429
111  33.92208659 -118.32863074
111  33.92210942 -118.32863285
111  33.92215129 -118.32863946
111  33.92218658 -118.32864352
111  33.92218753 -118.32870983
111  33.92219163 -118.32870873
111  33.92219640 -118.32870782
111  33.92220141 -118.32871275
111  33.92220632 -118.32872061
111  33.92221057 -118.32872558
111  33.92222203 -118.32872455
111  33.92225586 -118.32873073
111  33.92225584 -118.32880021
111  33.92224136 -118.32880163
111  33.92223663 -118.32895226
111  33.92224142 -118.32895089
111  33.92222577 -118.32933144
111  33.92218759 -118.33012334
111  33.92217392 -118.33048465
111  33.92215944 -118.33048841
111  33.92214830 -118.33049812
111  33.92208262 -118.33057138
111  33.92205055 -118.33060612
111  33.92202663 -118.33063514
111  33.92200415 -118.33067742
111  33.92199780 -118.33071021
111  33.92199143 -118.33072945
111  33.92200569 -118.33073518
111  33.92201071 -118.33071608
111  33.92202680 -118.33068142
111  33.92204272 -118.33065811
111  33.92205703 -118.33063893
111  33.92207604 -118.33063109
111  33.92211151 -118.33062358
111  33.92214685 -118.33062287
111  33.92223347 -118.33061746
111  33.92224079 -118.33060025
111  33.92230104 -118.33061158
111  33.92227893 -118.33094266
111  33.92221559 -118.33220878
111  33.92216640 -118.33322212
111  33.92214342 -118.33382801
111  33.92213938 -118.33404037
111  33.92212518 -118.33435187
111  33.92211281 -118.33462077
111  33.92209836 -118.33483785
111  33.92208540 -118.33510824
111  33.92207434 -118.33532670
111  33.92206997 -118.33547504
111  33.92206492 -118.33554021
111  33.92191349 -118.33553758
111  33.92178299 -118.33553616
111  33.92178268 -118.33529598
111  33.92175665 -118.33523565
111  33.92175631 -118.33508624
111  33.92168501 -118.33508621
111  33.92168465 -118.33506906
111  33.92162907 -118.33506837
111  33.92162860 -118.33492993
111  33.92160834 -118.33422456
111  33.92177768 -118.33422471
111  33.92177896 -118.33335025
111  33.92180450 -118.33335004
111  33.92180268 -118.33291401
111  33.92180363 -118.33252691
111  33.92178041 -118.33252718
111  33.92178354 -118.33211963
111  33.92186485 -118.33211963
111  33.92186832 -118.33156094
111  33.92186850 -118.33101762
111  33.92186850 -118.33086370
111  33.92177975 -118.33086360
111  33.92179063 -118.32929395
111  33.92180628 -118.32929393
111  33.92180697 -118.32923414
111  33.92178967 -118.32923488
111  33.92179529 -118.32808778
113  33.92196475 -118.32808934
110 4 0.00 44.0000 New Taxiway 16
111  33.92335758 -118.33681350
111  33.92335774 -118.33680608
111  33.92350900 -118.33681693
113  33.92350900 -118.33682378
110 1 0.00 0.0000 xxx
111  33.92333747 -118.33482226
111  33.92358643 -118.33515853
111  33.92358737 -118.33522259
111  33.92363686 -118.33522366
111  33.92363768 -118.33742834
111  33.92364046 -118.33827862
111  33.92363958 -118.34014968
111  33.92312166 -118.34012431
111  33.92316602 -118.33892089
111  33.92322223 -118.33751770
113  33.92330305 -118.33568598
111  33.92350894 -118.33682329
111  33.92350894 -118.33681699
111  33.92335767 -118.33680633
113  33.92335725 -118.33681365
111  33.92362760 -118.33642824
111  33.92362844 -118.33636386
111  33.92359459 -118.33636420
111  33.92359487 -118.33632374
111  33.92353390 -118.33632374
111  33.92353194 -118.33644409
111  33.92359320 -118.33644510
113  33.92359348 -118.33642824
110 1 0.00 0.0000 xxx
111  33.92233115 -118.34316297
111  33.92234931 -118.34316450
111  33.92261812 -118.34318491
112  33.92264018 -118.34313945  33.92265603 -118.34312285
111  33.92267583 -118.34312486
111  33.92277710 -118.34312381
112  33.92281418 -118.34314730  33.92282899 -118.34316847
111  33.92282752 -118.34320013
111  33.92282084 -118.34333794
111  33.92283252 -118.34333894
111  33.92283918 -118.34336103
111  33.92284538 -118.34337779
111  33.92284882 -118.34339190
111  33.92284882 -118.34340434
111  33.92285146 -118.34340513
111  33.92294281 -118.34340484
111  33.92295335 -118.34301927
111  33.92330037 -118.34301708
111  33.92330099 -118.34333574
111  33.92361544 -118.34333591
111  33.92360688 -118.34376252
111  33.92352505 -118.34376193
111  33.92341824 -118.34376099
111  33.92290241 -118.34374854
111  33.92272365 -118.34375164
111  33.92259402 -118.34375496
111  33.92234912 -118.34375885
111  33.92231113 -118.34375866
111  33.92230264 -118.34375833
113  33.92230159 -118.34375688
110 3 0.00 44.0000 New Taxiway 2
111  33.92241241 -118.32816221
111  33.92241298 -118.32817441
111  33.92216653 -118.32818224
113  33.92216558 -118.32816727
110 3 0.00 44.0000 New Taxiway 1
112  33.92212344 -118.32839964  33.92211544 -118.32839890
111  33.92211575 -118.32839371
111  33.92211544 -118.32830620
112  33.92212406 -118.32829656  33.92213083 -118.32829693
111  33.92213206 -118.32830435
113  33.92213144 -118.32839185
120 Linear Feature 24
111  33.92343049 -118.33623998 51
115  33.92342817 -118.33629319
120 Linear Feature 23
111  33.92323602 -118.33605647 51
112  33.92328255 -118.33612367  33.92333041 -118.33612764 51
111  33.92343602 -118.33613344 51
112  33.92350289 -118.33620543  33.92350068 -118.33627499 51
115  33.92342943 -118.33626573
120 Linear Feature 22
111  33.92341742 -118.33648881 51
115  33.92341411 -118.33655072
120 Linear Feature 21
111  33.92320495 -118.33670556 51
112  33.92325899 -118.33664062  33.92331077 -118.33664349 51
111  33.92340832 -118.33665006 51
112  33.92347811 -118.33658742  33.92348084 -118.33652017 51
115  33.92341597 -118.33651844
120 Linear Feature 149
111  33.92316201 -118.33760271 51
116  33.92324959 -118.33753713  33.92333352 -118.33754167
120 Linear Feature 148
111  33.92324959 -118.33753713 51
116  33.92316919 -118.33745276  33.92317329 -118.33737048
120 Linear Feature 147
111  33.92338400 -118.33754475 20
115  33.92325060 -118.33753724
120 Linear Feature 140
111  33.92346247 -118.33125148 20
111  33.92346100 -118.33131519 20
115  33.92342942 -118.33131519
120 Linear Feature 139
111  33.92348156 -118.33087272 20
111  33.92348156 -118.33080900 20
115  33.92345439 -118.33080812
120 Linear Feature 138
111  33.92360566 -118.33107272 22
112  33.92345806 -118.33122847  33.92332368 -118.33122493 22
111  33.92333102 -118.33104882 22
114  33.92347054 -118.33089219  33.92360492 -118.33089838 22
120 Linear Feature 135
111  33.92326316 -118.33120880 53
115  33.92329553 -118.33117528
120 Linear Feature 134
111  33.92323366 -118.33163219 53
115  33.92323275 -118.33168439
120 Linear Feature 133
111  33.92318168 -118.33164812 53
115  33.92321268 -118.33169153
120 Linear Feature 132
111  33.92315934 -118.33171021 53
115  33.92320265 -118.33171076
120 Linear Feature 131
111  33.92290645 -118.33127498 53
115  33.92287453 -118.33127168
120 Linear Feature 130
111  33.92288411 -118.33132938 53
115  33.92286268 -118.33130190
120 Linear Feature 129
111  33.92283441 -118.33135026 53
115  33.92283457 -118.33133200
120 Linear Feature 128
111  33.92282383 -118.33159782 53
115  33.92282246 -118.33162342
120 Linear Feature 127
111  33.92287409 -118.33162178 53
115  33.92284194 -118.33165454
120 Linear Feature 126
111  33.92288844 -118.33168494 53
115  33.92284706 -118.33168361
120 Linear Feature 125
111  33.92303375 -118.32862915 53
115  33.92299196 -118.32862626
120 Linear Feature 124
111  33.92301628 -118.32869149 53
115  33.92298203 -118.32865103
120 Linear Feature 123
111  33.92295907 -118.32870966 53
115  33.92295873 -118.32866177
120 Linear Feature 122
111  33.92295119 -118.32883991 53
115  33.92295119 -118.32888078
120 Linear Feature 121
111  33.92300806 -118.32885807 53
115  33.92297346 -118.32889275
120 Linear Feature 120
111  33.92302142 -118.32892082 53
115  33.92298203 -118.32892247
120 Linear Feature 119
111  33.92309152 -118.32748512 53
115  33.92304911 -118.32748293
120 Linear Feature 118
111  33.92306644 -118.32739995 53
115  33.92303726 -118.32743018
120 Linear Feature 117
111  33.92299805 -118.32735709 53
115  33.92299486 -118.32741424
120 Linear Feature 113
111  33.92243770 -118.33037537 102
111  33.92235127 -118.33031502 102
112  33.92230523 -118.33023909  33.92228342 -118.33018458 102
111  33.92229715 -118.33003077 102
111  33.92231169 -118.32972609 102
112  33.92235935 -118.32957423  33.92239651 -118.32953724 102
115  33.92248455 -118.32949344
120 Linear Feature 112
111  33.92245464 -118.33038700 102
111  33.92254847 -118.33045296 102
112  33.92258268 -118.33062964  33.92257486 -118.33080514 102
111  33.92253088 -118.33167087 102
111  33.92247517 -118.33292058 102
111  33.92237954 -118.33494224 102
111  33.92227046 -118.33741074 102
111  33.92215444 -118.33967265 102
111  33.92198918 -118.34299480 102
111  33.92201350 -118.34308362 102
115  33.92206564 -118.34316276
120 Linear Feature 111
111  33.92250156 -118.32949065 102
111  33.92259441 -118.32945060 102
112  33.92263839 -118.32935520  33.92263741 -118.32925626 102
112  33.92265207 -118.32864730  33.92265501 -118.32858605 102
111  33.92268433 -118.32786638 102
115  33.92269606 -118.32763081
120 Linear Feature 109
111  33.92268523 -118.33146639 51
116  33.92262104 -118.33135607  33.92262514 -118.33125991
120 Linear Feature 108
111  33.92268523 -118.33146639 51
116  33.92261154 -118.33157190  33.92260733 -118.33167955
120 Linear Feature 107
111  33.92276688 -118.33147037 51
115  33.92268523 -118.33146639
120 Linear Feature 106
111  33.92289510 -118.33147673 51
115  33.92277322 -118.33147079
120 Linear Feature 105
111  33.92291288 -118.33147526 51
112  33.92303314 -118.33129594  33.92303915 -118.33111011 51
115  33.92306252 -118.33068935
120 Linear Feature 104
111  33.92299733 -118.33215558 51
111  33.92301494 -118.33164904 51
116  33.92291322 -118.33148220  33.92280298 -118.33147080
120 Linear Feature 103
111  33.92276909 -118.33425627 53
115  33.92272946 -118.33425472
120 Linear Feature 102
111  33.92274567 -118.33431676 53
115  33.92272585 -118.33429287
120 Linear Feature 101
111  33.92273795 -118.33459994 53
115  33.92271015 -118.33462537
120 Linear Feature 100
111  33.92274953 -118.33466756 53
115  33.92270964 -118.33466694
120 Linear Feature 99
111  33.92303488 -118.33434185 53
115  33.92307821 -118.33434319
120 Linear Feature 98
111  33.92305330 -118.33440535 53
115  33.92308520 -118.33436576
120 Linear Feature 97
111  33.92310107 -118.33443117 53
115  33.92310345 -118.33438163
120 Linear Feature 96
111  33.92309727 -118.33454831 53
115  33.92309667 -118.33459770
120 Linear Feature 95
111  33.92304483 -118.33456283 53
115  33.92307798 -118.33460206
120 Linear Feature 94
111  33.92301892 -118.33462167 53
115  33.92306593 -118.33462312
120 Linear Feature 93
111  33.92324474 -118.33449413 51
116  33.92330538 -118.33460566  33.92330101 -118.33470057
120 Linear Feature 92
111  33.92324474 -118.33449413 51
116  33.92331640 -118.33437639  33.92332515 -118.33425950
120 Linear Feature 91
111  33.92316244 -118.33449103 51
115  33.92324474 -118.33449413
120 Linear Feature 90
111  33.92303136 -118.33448375 51
115  33.92315479 -118.33449058
120 Linear Feature 89
111  33.92302098 -118.33448615 51
112  33.92289958 -118.33462860  33.92289211 -118.33477271 51
116  33.92286861 -118.33523980  33.92286861 -118.33523852
120 Linear Feature 88
111  33.92302147 -118.33448030 51
112  33.92291239 -118.33428503  33.92291880 -118.33411389 51
115  33.92293686 -118.33374522
120 Linear Feature 87
111  33.92277338 -118.33446360 51
112  33.92287716 -118.33462345  33.92287395 -118.33475856 51
115  33.92285046 -118.33522951
120 Linear Feature 86
111  33.92277191 -118.33445641 51
112  33.92289216 -118.33428083  33.92290098 -118.33410004 51
115  33.92291687 -118.33374548
120 Linear Feature 85
111  33.92248670 -118.33435592 51
116  33.92253385 -118.33444806  33.92258514 -118.33444972
120 Linear Feature 84
111  33.92253385 -118.33444806 51
116  33.92247874 -118.33452613  33.92247451 -118.33460797
120 Linear Feature 83
111  33.92263446 -118.33445030 51
115  33.92275367 -118.33445423
120 Linear Feature 82
111  33.92261867 -118.33444951 51
115  33.92253385 -118.33444806
120 Linear Feature 81
111  33.92316670 -118.33750339 51
116  33.92309576 -118.33759835  33.92303010 -118.33759398
120 Linear Feature 80
111  33.92309576 -118.33759835 51
116  33.92315724 -118.33770197  33.92315226 -118.33780457
120 Linear Feature 79
111  33.92302376 -118.33759507 51
115  33.92309576 -118.33759835
120 Linear Feature 78
111  33.92288836 -118.33758689 51
115  33.92301380 -118.33759234
120 Linear Feature 77
111  33.92262368 -118.33756592 51
112  33.92274532 -118.33740480  33.92275354 -118.33725557 51
115  33.92276285 -118.33700796
120 Linear Feature 76
111  33.92286937 -118.33758088 51
112  33.92276727 -118.33741038  33.92277018 -118.33726537 51
115  33.92278112 -118.33700874
120 Linear Feature 75
111  33.92286864 -118.33759231 51
112  33.92274685 -118.33774699  33.92273955 -118.33789376 51
115  33.92272643 -118.33825849
120 Linear Feature 74
111  33.92262360 -118.33757033 51
112  33.92272934 -118.33774523  33.92272497 -118.33789376 51
115  33.92270747 -118.33825673
120 Linear Feature 73
111  33.92248574 -118.33756142 51
115  33.92261291 -118.33756498
120 Linear Feature 70
111  33.92258859 -118.33747497 53
115  33.92257467 -118.33745708
120 Linear Feature 69
111  33.92261673 -118.33742764 53
115  33.92258117 -118.33742689
120 Linear Feature 68
111  33.92253694 -118.33763676 53
115  33.92253682 -118.33764858
120 Linear Feature 67
111  33.92258178 -118.33765463 53
115  33.92256137 -118.33767438
120 Linear Feature 66
111  33.92260692 -118.33770858 53
115  33.92256539 -118.33770905
120 Linear Feature 65
111  33.92288749 -118.33744867 53
115  33.92293141 -118.33744905
120 Linear Feature 64
111  33.92290203 -118.33751055 53
115  33.92293698 -118.33747477
120 Linear Feature 63
111  33.92295646 -118.33753254 53
115  33.92295708 -118.33748781
120 Linear Feature 62
111  33.92295120 -118.33766150 53
115  33.92295059 -118.33770250
120 Linear Feature 61
111  33.92290450 -118.33767306 53
115  33.92292956 -118.33770623
120 Linear Feature 60
111  33.92287782 -118.33773076 53
115  33.92291837 -118.33773076
120 Linear Feature 57
111  33.92277336 -118.33987538 53
115  33.92281623 -118.33987579
120 Linear Feature 56
111  33.92278527 -118.33994508 53
115  33.92282031 -118.33990490
120 Linear Feature 55
111  33.92284310 -118.33996804 53
115  33.92284481 -118.33991310
120 Linear Feature 54
111  33.92283528 -118.34013409 53
115  33.92283528 -118.34007464
120 Linear Feature 53
111  33.92281555 -118.34013655 53
115  33.92278221 -118.34009432
120 Linear Feature 52
111  33.92276111 -118.34015418 53
115  33.92280738 -118.34015787
120 Linear Feature 51
111  33.92250542 -118.33985185 53
115  33.92246892 -118.33985208
120 Linear Feature 50
111  33.92247897 -118.33990989 53
115  33.92245365 -118.33988067
120 Linear Feature 49
111  33.92242745 -118.33992847 53
115  33.92242830 -118.33988788
120 Linear Feature 48
111  33.92242420 -118.34003678 53
115  33.92242307 -118.34009270
120 Linear Feature 47
111  33.92247958 -118.34006519 53
115  33.92244366 -118.34010578
120 Linear Feature 46
111  33.92249268 -118.34013645 53
115  33.92245713 -118.34013509
120 Linear Feature 42
111  33.92239269 -118.34223147 53
115  33.92234936 -118.34223087
120 Linear Feature 41
111  33.92237725 -118.34216724 53
115  33.92234039 -118.34220806
120 Linear Feature 40
111  33.92232395 -118.34213722 53
115  33.92232146 -118.34219545
120 Linear Feature 39
111  33.92267847 -118.34189624 53
115  33.92271956 -118.34189756
120 Linear Feature 38
111  33.92268833 -118.34196689 53
115  33.92272997 -118.34192397
120 Linear Feature 37
111  33.92274641 -118.34199066 53
115  33.92274860 -118.34193586
120 Linear Feature 36
111  33.92266477 -118.34219404 53
115  33.92270641 -118.34219668
120 Linear Feature 35
111  33.92268559 -118.34213197 53
115  33.92271847 -118.34217291
120 Linear Feature 34
111  33.92273984 -118.34211744 53
115  33.92273874 -118.34216631
120 Linear Feature 33
111  33.92267306 -118.34292369 53
115  33.92263115 -118.34292369
120 Linear Feature 32
111  33.92268092 -118.34294804 53
115  33.92264649 -118.34298728
120 Linear Feature 31
111  33.92270038 -118.34296022 53
115  33.92269926 -118.34300487
120 Linear Feature 30
111  33.92269290 -118.34312258 53
115  33.92269140 -118.34317534
120 Linear Feature 29
111  33.92263826 -118.34313926 53
115  33.92267344 -118.34318436
120 Linear Feature 28
111  33.92261693 -118.34320331 53
115  33.92266034 -118.34320376
120 Linear Feature 24
111  33.92229272 -118.34289031 53
115  33.92226685 -118.34284220
120 Linear Feature 23
111  33.92234052 -118.34282288 53
115  33.92230594 -118.34279713
120 Linear Feature 22
111  33.92236526 -118.34273716 53
115  33.92232534 -118.34273682
120 Linear Feature 21
111  33.92230572 -118.33997884 51
116  33.92222495 -118.33985671  33.92223056 -118.33973990
120 Linear Feature 20
111  33.92235837 -118.33998159 51
111  33.92230572 -118.33997884 51
116  33.92221507 -118.34009252  33.92220967 -118.34021204
120 Linear Feature 19
111  33.92289430 -118.34002192 51
111  33.92282999 -118.34002032 51
116  33.92277792 -118.34000688  33.92275516 -118.33999427
120 Linear Feature 18
111  33.92275766 -118.33999441 51
112  33.92265600 -118.33972117  33.92266482 -118.33949011 51
115  33.92268408 -118.33908214
120 Linear Feature 17
111  33.92250880 -118.33996424 51
112  33.92263671 -118.33972068  33.92264255 -118.33954227 51
115  33.92266399 -118.33907799
120 Linear Feature 16
111  33.92236524 -118.33998233 51
112  33.92246145 -118.33998204  33.92247896 -118.33997853 51
115  33.92249466 -118.33996997
120 Linear Feature 13
111  33.92211985 -118.34215047 51
112  33.92216032 -118.34205763  33.92219525 -118.34202447 51
115  33.92226150 -118.34202230
120 Linear Feature 12
111  33.92226150 -118.34202230 51
116  33.92213637 -118.34182363  33.92214229 -118.34162671
120 Linear Feature 11
111  33.92239375 -118.34201435 51
112  33.92231061 -118.34202402  33.92227194 -118.34202321 51
115  33.92227194 -118.34202321
120 Linear Feature 8
111  33.92349898 -118.34318816 51
111  33.92296326 -118.34318678 51
112  33.92289280 -118.34310515  33.92289814 -118.34302151 51
115  33.92290094 -118.34294427
120 Linear Feature 7
111  33.92348404 -118.34301316 20
115  33.92304092 -118.34301187
120 Linear Feature 6
111  33.92352247 -118.34310194 20
115  33.92302704 -118.34310323
120 Linear Feature 5
111  33.92324273 -118.34363337 20
115  33.92290746 -118.34363466
120 Linear Feature 4
111  33.92324059 -118.34373245 20
115  33.92285941 -118.34373374
120 Linear Feature 3
111  33.92329718 -118.34337345 20
115  33.92296618 -118.34337216
120 Linear Feature 2
111  33.92329753 -118.34328011 20
115  33.92298860 -118.34327952
120 Linear Feature 10
111  33.92241619 -118.34200570 51
112  33.92253973 -118.34180046  33.92254679 -118.34162181 51
115  33.92256267 -118.34125705
120 Linear Feature 9
111  33.92266675 -118.34205022 51
112  33.92256016 -118.34184042  33.92256634 -118.34163934 51
115  33.92258094 -118.34125557
120 Linear Feature 18
111  33.92279650 -118.34205295 51
115  33.92267383 -118.34205145
120 Linear Feature 11
111  33.92221660 -118.34304406 51
112  33.92211931 -118.34301657  33.92209922 -118.34298992 51
116  33.92208389 -118.34286230  33.92208698 -118.34276905
120 Linear Feature 3
111  33.92235062 -118.34316663 53
112  33.92218953 -118.34316045  33.92217196 -118.34316045 53
112  33.92209233 -118.34313033  33.92204780 -118.34310037 53
112  33.92202641 -118.34293133  33.92202851 -118.34281438 53
115  33.92206813 -118.34214301
120 Linear Feature 2
111  33.92239319 -118.34222804 53 102
112  33.92232345 -118.34213775  33.92225068 -118.34213484 53 102
111  33.92221377 -118.34213491 53 102
112  33.92215536 -118.34224386  33.92215295 -118.34234772 53 102
111  33.92213503 -118.34282295 53 102
112  33.92219323 -118.34291337  33.92225525 -118.34291943 53 102
112  33.92232772 -118.34284980  33.92235713 -118.34280031 53 102
115  33.92237133 -118.34270353
120 Linear Feature 45
111  33.92238323 -118.34172003 53
115  33.92241809 -118.34172003
120 Linear Feature 44
111  33.92237326 -118.34178966 53
115  33.92240265 -118.34181127
120 Linear Feature 43
111  33.92233043 -118.34184489 53
115  33.92234786 -118.34187610
120 Linear Feature 1
111  33.92241617 -118.34175303 53 102
112  33.92228496 -118.34189133  33.92216131 -118.34189093
111  33.92228496 -118.34189133
112  33.92228496 -118.34189133  33.92218722 -118.34189147 53 102
116  33.92217701 -118.34180406  33.92217524 -118.34175281
120 Linear Feature 3
111  33.92311102 -118.32723687 51
112  33.92322109 -118.32751821  33.92320859 -118.32773971 51
115  33.92318506 -118.32816235
120 Linear Feature 2
111  33.92296990 -118.32718787 51
116  33.92309762 -118.32722455  33.92313988 -118.32725526
120 Linear Feature 4
111  33.92303505 -118.33433530 53 102
112  33.92305210 -118.33440381  33.92307322 -118.33443318 53 102
111  33.92309840 -118.33443122 53 102
111  33.92318123 -118.33443513 53 102
112  33.92323321 -118.33440773  33.92325189 -118.33438033 53 102
111  33.92325108 -118.33436271 53 102
111  33.92337533 -118.33172212 53 102
112  33.92335786 -118.33165762  33.92333735 -118.33163461 53 102
111  33.92329614 -118.33163405 53 102
111  33.92323271 -118.33163306 53 102
112  33.92318123 -118.33164872  33.92316093 -118.33166633 53 102
115  33.92315931 -118.33171038
120 Linear Feature 3
111  33.92226346 -118.34218227 54
115  33.92227149 -118.34185948
120 Linear Feature 2
111  33.92276682 -118.32763212 51
111  33.92278085 -118.32732701 51
116  33.92295563 -118.32718571  33.92311682 -118.32719904
120 Linear Feature 72
111  33.92239424 -118.33756050 51
116  33.92233809 -118.33747587  33.92234202 -118.33739624
120 Linear Feature 71
111  33.92248043 -118.33756123 51
111  33.92239424 -118.33756050 51
116  33.92232970 -118.33764153  33.92232558 -118.33772497
120 Linear Feature 122
111  33.92272297 -118.32865530 1
112  33.92275067 -118.32873686  33.92278128 -118.32876529 1
115  33.92281221 -118.32876773
120 Linear Feature 121
112  33.92271835 -118.32888025  33.92272114 -118.32875963 1
111  33.92281221 -118.32876773 1
115  33.92302563 -118.32877423
120 Linear Feature 106
111  33.92331559 -118.33123462 54
115  33.92329614 -118.33163405
120 Linear Feature 105
111  33.92316062 -118.33438742 54
115  33.92315743 -118.33459810
120 Linear Feature 104
111  33.92302110 -118.33747890 54
115  33.92301384 -118.33772805
120 Linear Feature 103
111  33.92290252 -118.33993167 54
115  33.92289862 -118.34011203
120 Linear Feature 102
111  33.92280267 -118.34194945 54
115  33.92279774 -118.34215567
120 Linear Feature 2
111  33.92344405 -118.33170298 51
112  33.92337206 -118.33146106  33.92330311 -118.33136988 51
112  33.92318444 -118.33119503  33.92314871 -118.33112260 51
112  33.92308617 -118.33074873  33.92308536 -118.33051580 51
115  33.92308861 -118.33046686
120 Linear Feature 100
111  33.92331640 -118.33437639 51
111  33.92336976 -118.33345403 51
111  33.92341630 -118.33254261 51
111  33.92344506 -118.33177702 51
112  33.92341841 -118.33159810  33.92338424 -118.33152825 51
111  33.92333148 -118.33151238 51
112  33.92313619 -118.33157489  33.92303979 -118.33166974 51
111  33.92303484 -118.33176642 51
111  33.92302038 -118.33203604 51
115  33.92301252 -118.33215913
120 Linear Feature 95
111  33.92313442 -118.34012508 53
111  33.92301946 -118.34247835 53
115  33.92299071 -118.34304956
120 Linear Feature 94
111  33.92337531 -118.33487302 53
111  33.92328078 -118.33690956 53
111  33.92321602 -118.33822936 53
111  33.92315467 -118.33957914 53
115  33.92313422 -118.34012568
120 Linear Feature 137
111  33.92319704 -118.33102637 53
115  33.92323169 -118.33102747
120 Linear Feature 136
111  33.92321254 -118.33111813 53
115  33.92325130 -118.33109780
120 Linear Feature 93
111  33.92319616 -118.33102544 53 102
112  33.92324030 -118.33117398  33.92329212 -118.33126226 53 102
111  33.92344129 -118.33143744 53 102
112  33.92350682 -118.33157932  33.92352647 -118.33168052 53 102
111  33.92352396 -118.33172712 53 102
111  33.92349033 -118.33245468 53 102
115  33.92337487 -118.33487276
120 Linear Feature 90
111  33.92288737 -118.33744877 53 102
112  33.92290331 -118.33751126  33.92291840 -118.33753308 53 102
111  33.92294004 -118.33753241 53 102
111  33.92304562 -118.33753550 53 102
112  33.92308717 -118.33752193  33.92310271 -118.33750521 53 102
111  33.92310316 -118.33748286 53 102
111  33.92323739 -118.33464669 53 102
112  33.92322714 -118.33458239  33.92321311 -118.33455077 53 102
111  33.92317665 -118.33455172 53 102
111  33.92309398 -118.33454730 53 102
112  33.92304701 -118.33456094  33.92302871 -118.33457565 53 102
115  33.92302135 -118.33460656
120 Linear Feature 88
111  33.92277180 -118.33988825 53 102
112  33.92278653 -118.33994746  33.92280143 -118.33996746 53 102
111  33.92282634 -118.33996791 53 102
111  33.92292990 -118.33997112 53 102
112  33.92297037 -118.33995270  33.92298702 -118.33993345 53 102
111  33.92298601 -118.33990661 53 102
111  33.92300775 -118.33943570 53 102
111  33.92309138 -118.33770977 53 102
112  33.92307680 -118.33767342  33.92306277 -118.33766008 53 102
111  33.92303982 -118.33766307 53 102
111  33.92293419 -118.33765972 53 102
112  33.92289313 -118.33768244  33.92287492 -118.33770404 53 102
115  33.92287646 -118.33775013
120 Linear Feature 87
111  33.92267756 -118.34192256 53 102
112  33.92269101 -118.34197280  33.92270569 -118.34198968 53 102
111  33.92272084 -118.34198991 53 102
111  33.92276519 -118.34199226 53 102
111  33.92284076 -118.34199349 53 102
112  33.92287408 -118.34197565  33.92288774 -118.34195671 53 102
111  33.92288844 -118.34193727 53 102
111  33.92289521 -118.34183565 53 102
111  33.92297095 -118.34025932 53 102
111  33.92297482 -118.34013091 53 102
112  33.92292538 -118.34007721  33.92288278 -118.34007561 53 102
111  33.92282470 -118.34007320 53 102
112  33.92278500 -118.34009138  33.92276170 -118.34011223 53 102
115  33.92276155 -118.34015083
120 Linear Feature 86
111  33.92263134 -118.34294264 53 102
112  33.92264436 -118.34298459  33.92266061 -118.34300560 53 102
111  33.92267801 -118.34300338 53 102
111  33.92277335 -118.34300611 53 102
112  33.92281996 -118.34299631  33.92283701 -118.34298358 53 102
111  33.92284129 -118.34295091 53 102
111  33.92287764 -118.34218362 53 102
112  33.92286644 -118.34213550  33.92285343 -118.34211683 53 102
111  33.92283589 -118.34211933 53 102
111  33.92272154 -118.34211553 53 102
112  33.92268578 -118.34213207  33.92267314 -118.34214689 53 102
115  33.92266531 -118.34218641
120 Linear Feature 10
111  33.92252188 -118.32941743 1
115  33.92252824 -118.32878470
120 Linear Feature 61
111  33.92296059 -118.32740952 54
115  33.92297811 -118.32698409
120 Linear Feature 60
111  33.92288622 -118.32888495 4
115  33.92289483 -118.32865623
120 Linear Feature 59
111  33.92276724 -118.33159580 4
115  33.92277111 -118.33134879
120 Linear Feature 58
111  33.92262468 -118.33456210 4
115  33.92262900 -118.33433018
120 Linear Feature 57
111  33.92288907 -118.33168204 53 102
112  33.92287341 -118.33162146  33.92285944 -118.33159876 53 102
111  33.92282734 -118.33159731 53 102
111  33.92277453 -118.33159360 53 102
112  33.92269924 -118.33160760  33.92267554 -118.33162737 53 102
111  33.92266866 -118.33165974 53 102
111  33.92264883 -118.33194405 53 102
111  33.92262243 -118.33240382 53 102
111  33.92259582 -118.33296309 53 102
111  33.92253883 -118.33424561 53 102
112  33.92255249 -118.33430524  33.92256785 -118.33432824 53 102
111  33.92258622 -118.33432809 53 102
111  33.92269231 -118.33433152 53 102
112  33.92274925 -118.33431196  33.92276834 -118.33428595 53 102
115  33.92276915 -118.33425154
120 Linear Feature 56
111  33.92248211 -118.33763498 4
115  33.92248309 -118.33748759
120 Linear Feature 55
111  33.92274926 -118.33467157 53 102
112  33.92273393 -118.33459374  33.92271390 -118.33456398 53 102
111  33.92267954 -118.33456422 53 102
111  33.92258301 -118.33456173 53 102
112  33.92252998 -118.33458223  33.92251381 -118.33460075 53 102
111  33.92251071 -118.33464532 53 102
111  33.92249301 -118.33514850 53 102
111  33.92238848 -118.33741157 53 102
112  33.92240146 -118.33747625  33.92241773 -118.33749360 53 102
111  33.92244230 -118.33749033 53 102
111  33.92256039 -118.33748862 53 102
112  33.92260306 -118.33745677  33.92262579 -118.33742052 53 102
115  33.92262177 -118.33739132
120 Linear Feature 54
111  33.92235963 -118.34008838 54
115  33.92236479 -118.33988378
120 Linear Feature 27
111  33.92228168 -118.34316349 53
115  33.92227836 -118.34321524
120 Linear Feature 26
111  33.92231056 -118.34316503 53
115  33.92230775 -118.34321494
120 Linear Feature 25
111  33.92234143 -118.34316652 53
115  33.92233892 -118.34321938
120 Linear Feature 47
111  33.92221373 -118.34322278 54
115  33.92223118 -118.34287070
120 Linear Feature 44
111  33.92249188 -118.34015960 53 102
112  33.92247568 -118.34006051  33.92245285 -118.34003080 53 102
111  33.92242729 -118.34003638 53 102
111  33.92237252 -118.34003502 53 102
111  33.92231457 -118.34003543 53 102
112  33.92227460 -118.34005543  33.92226228 -118.34007523 53 102
111  33.92225908 -118.34010733 53 102
111  33.92221001 -118.34116971 53 102
115  33.92217701 -118.34180406
120 Linear Feature 43
111  33.92213637 -118.34182363 51
115  33.92208389 -118.34286230
120 Linear Feature 42
111  33.92206813 -118.34214301 59
115  33.92210531 -118.34130403
120 Linear Feature 38
111  33.92235339 -118.33717502 51
111  33.92226346 -118.33894207 51
111  33.92221018 -118.34021120 51
115  33.92213637 -118.34182363
120 Linear Feature 37
111  33.92244920 -118.33033992 59
112  33.92258881 -118.33044704  33.92261882 -118.33047257 59
111  33.92261351 -118.33052874 59
111  33.92253248 -118.33223536 59
111  33.92243462 -118.33426923 59
111  33.92228571 -118.33747894 59
115  33.92210531 -118.34130403
120 Linear Feature 36
111  33.92245428 -118.33026175 51
112  33.92237593 -118.33014935  33.92237593 -118.33008661 51
111  33.92239632 -118.32974546 51
112  33.92242237 -118.32966035  33.92244884 -118.32961888 51
115  33.92248639 -118.32960327
120 Linear Feature 35
111  33.92266411 -118.33048784 51
112  33.92262467 -118.33038455  33.92258097 -118.33035277 51
115  33.92245428 -118.33026175
120 Linear Feature 34
111  33.92270808 -118.32944651 1
112  33.92264553 -118.32953152  33.92258466 -118.32955767 1
115  33.92248639 -118.32960327
120 Linear Feature 33
111  33.92249010 -118.32952861 58
111  33.92242291 -118.32955798 58
112  33.92234526 -118.32967796  33.92234085 -118.32973858 58
112  33.92232261 -118.33017517  33.92231997 -118.33027407 58
115  33.92244920 -118.33033992
120 Linear Feature 13
111  33.92235339 -118.33717502 51
111  33.92245188 -118.33510490 51
111  33.92252872 -118.33344957 51
111  33.92263847 -118.33096056 51
115  33.92266409 -118.33048834
120 Linear Feature 10
111  33.92251349 -118.34229933 51
111  33.92249010 -118.34282080 51
112  33.92229519 -118.34304278  33.92211099 -118.34303103
111  33.92229519 -118.34304278
112  33.92229519 -118.34304278  33.92226302 -118.34304278 51
115  33.92222891 -118.34304395
120 Linear Feature 9
111  33.92261410 -118.34305710 51
112  33.92250507 -118.34281964  33.92251508 -118.34256952 51
115  33.92252658 -118.34236762
120 Linear Feature 59
111  33.92297920 -118.34002743 51
116  33.92303938 -118.34012553  33.92303597 -118.34020753
120 Linear Feature 58
111  33.92290799 -118.34002392 51
111  33.92297920 -118.34002743 51
116  33.92304748 -118.33994076  33.92305147 -118.33985431
120 Linear Feature 15
111  33.92331640 -118.33437639 51
111  33.92314341 -118.33799125 51
111  33.92311959 -118.33845505 51
111  33.92305294 -118.33982235 51
111  33.92301320 -118.34069594 51
115  33.92293794 -118.34216138
120 Linear Feature 29
111  33.92272313 -118.32740539 58
111  33.92271914 -118.32754211 58
111  33.92270752 -118.32787120 58
111  33.92266877 -118.32868575 58
111  33.92265964 -118.32933708 58
112  33.92260514 -118.32947844  33.92255043 -118.32949759 58
115  33.92249010 -118.32952861
120 Linear Feature 28
111  33.92276682 -118.32763212 1
111  33.92272322 -118.32863226 1
111  33.92271975 -118.32878848 1
111  33.92271619 -118.32901896 1
111  33.92270551 -118.32958472 1
111  33.92267464 -118.33030286 1
115  33.92266411 -118.33048784
120 Linear Feature 27
111  33.92309180 -118.32748771 53 102
112  33.92297326 -118.32735351  33.92284685 -118.32734851 53 102
111  33.92282539 -118.32746893 53 102
111  33.92281574 -118.32758044 53 102
111  33.92278087 -118.32863190 53 102
112  33.92279800 -118.32868326  33.92281586 -118.32870441 53 102
111  33.92283397 -118.32870478 53 102
111  33.92297411 -118.32871130 53 102
112  33.92301629 -118.32869031  33.92303673 -118.32866834 53 102
115  33.92303524 -118.32864212
120 Linear Feature 26
111  33.92291627 -118.32702643 51 102
111  33.92309785 -118.32703629 51 102
115  33.92311419 -118.32703654
120 Linear Feature 116
111  33.92300927 -118.32703122 53
115  33.92301107 -118.32697880
120 Linear Feature 115
111  33.92306126 -118.32703401 53
115  33.92306332 -118.32698159
120 Linear Feature 114
111  33.92310759 -118.32703711 53
115  33.92310965 -118.32699028
120 Linear Feature 25
111  33.92272313 -118.32740539 58
111  33.92273743 -118.32717597 58
112  33.92278693 -118.32705956  33.92283545 -118.32702252 58
115  33.92291627 -118.32702643
120 Linear Feature 6
111  33.92189671 -118.34358349 20
111  33.92190911 -118.34248573 20
111  33.92195651 -118.34152488 20
111  33.92208085 -118.33886443 20
111  33.92211533 -118.33812350 20
111  33.92214176 -118.33756511 20
111  33.92217213 -118.33696011 20
111  33.92223482 -118.33566312 20
111  33.92223891 -118.33555386 20
111  33.92223780 -118.33550175 20
111  33.92223225 -118.33545766 20
111  33.92222781 -118.33540154 20
111  33.92221894 -118.33533206 20
111  33.92221452 -118.33528396 20
111  33.92221561 -118.33522384 20
111  33.92221561 -118.33515836 20
111  33.92224981 -118.33443685 20
111  33.92226100 -118.33417087 20
111  33.92226685 -118.33405384 20
111  33.92226806 -118.33401121 20
111  33.92225953 -118.33398476 20
111  33.92225222 -118.33396565 20
111  33.92224002 -118.33394948 20
111  33.92220342 -118.33394654 20
115  33.92214186 -118.33394026
120 Linear Feature 9
111  33.92214414 -118.33388655 20
111  33.92224486 -118.33389066 20
111  33.92225453 -118.33388038 20
111  33.92226419 -118.33386666 20
111  33.92226875 -118.33385226 20
111  33.92227217 -118.33383924 20
111  33.92227614 -118.33381044 20
111  33.92228127 -118.33375284 20
111  33.92230358 -118.33322270 20
111  33.92234153 -118.33248982 20
111  33.92239680 -118.33154225 20
111  33.92242467 -118.33086560 20
111  33.92242100 -118.33082297 20
111  33.92241002 -118.33078917 20
111  33.92237344 -118.33066718 20
111  33.92230515 -118.33053784 20
111  33.92224160 -118.33041575 20
111  33.92221049 -118.33034324 20
111  33.92219386 -118.33027911 20
111  33.92219163 -118.33020963 20
111  33.92219496 -118.33009289 20
111  33.92223691 -118.32912830 20
111  33.92224498 -118.32905299 20
111  33.92225707 -118.32899712 20
111  33.92227925 -118.32892545 20
111  33.92231049 -118.32883678 20
111  33.92234377 -118.32876997 20
111  33.92237500 -118.32870979 20
111  33.92238784 -118.32867335 20
111  33.92239425 -118.32864133 20
115  33.92239609 -118.32862807
120 Linear Feature 8
111  33.92199458 -118.34214561 20
111  33.92202870 -118.34137969 20
111  33.92212097 -118.33896934 20
111  33.92221318 -118.33704666 20
111  33.92228291 -118.33551689 20
111  33.92227995 -118.33547421 20
111  33.92227566 -118.33543023 20
111  33.92227164 -118.33539951 20
111  33.92226090 -118.33530736 20
111  33.92225955 -118.33521521 20
111  33.92226223 -118.33505677 20
111  33.92227699 -118.33478031 20
111  33.92231702 -118.33394945 20
111  33.92237589 -118.33271674 20
111  33.92245527 -118.33123170 20
111  33.92246952 -118.33090805 20
111  33.92246728 -118.33084403 20
111  33.92245753 -118.33078729 20
111  33.92244292 -118.33072861 20
111  33.92242183 -118.33067579 20
111  33.92238611 -118.33058971 20
111  33.92232767 -118.33048408 20
111  33.92229043 -118.33040898 20
111  33.92225877 -118.33034172 20
111  33.92224710 -118.33029755 20
111  33.92223794 -118.33025840 20
111  33.92223711 -118.33017508 20
111  33.92228273 -118.32912322 20
111  33.92229653 -118.32903241 20
111  33.92230861 -118.32897532 20
111  33.92233382 -118.32890365 20
111  33.92236507 -118.32883320 20
111  33.92239530 -118.32877004 20
111  33.92242781 -118.32869142 20
111  33.92243282 -118.32866532 20
115  33.92243698 -118.32863621
120 Linear Feature 7
111  33.92190375 -118.34228705 20
111  33.92193095 -118.34172572 20
111  33.92196625 -118.34096948 20
111  33.92203953 -118.33944440 20
111  33.92207835 -118.33859612 20
111  33.92212936 -118.33747733 20
111  33.92216724 -118.33672927 20
111  33.92222308 -118.33557542 20
115  33.92209802 -118.33556739
120 Linear Feature 5
111  33.92262203 -118.34362461 20
111  33.92234670 -118.34362968 20
111  33.92230075 -118.34362239 20
111  33.92227192 -118.34361618 20
111  33.92224921 -118.34360823 20
111  33.92221503 -118.34359224 20
111  33.92219761 -118.34357423 20
111  33.92217133 -118.34354632 20
111  33.92213991 -118.34350686 20
111  33.92211575 -118.34346780 20
111  33.92209498 -118.34342567 20
111  33.92206395 -118.34336221 20
111  33.92204130 -118.34331147 20
111  33.92201827 -118.34325057 20
111  33.92200043 -118.34318986 20
111  33.92198228 -118.34311896 20
111  33.92197618 -118.34309841 20
111  33.92197242 -118.34306749 20
111  33.92196374 -118.34299158 20
111  33.92196389 -118.34275286 20
111  33.92197307 -118.34252138 20
115  33.92199458 -118.34214561
120 Linear Feature 4
111  33.92223458 -118.34372080 6
115  33.92223652 -118.34357814
120 Linear Feature 3
111  33.92265272 -118.34361070 6
115  33.92265397 -118.34369455
120 Linear Feature 77
111  33.92178818 -118.34125365 20
115  33.92178953 -118.34135319
120 Linear Feature 76
111  33.92179027 -118.34125536 20
115  33.92185098 -118.34125838
120 Linear Feature 75
111  33.92178921 -118.34115053 20
115  33.92185435 -118.34115509
120 Linear Feature 74
111  33.92196388 -118.34102435 20
115  33.92188951 -118.34102332
120 Linear Feature 73
111  33.92196962 -118.34088610 20
115  33.92188711 -118.34088404
120 Linear Feature 72
111  33.92197667 -118.34075353 20
115  33.92190575 -118.34074978
120 Linear Feature 71
111  33.92198337 -118.34061758 20
115  33.92190147 -118.34061603
120 Linear Feature 70
111  33.92198903 -118.34048688 20
115  33.92191947 -118.34048595
120 Linear Feature 69
111  33.92199590 -118.34034907 20
115  33.92192018 -118.34034737
120 Linear Feature 68
111  33.92200183 -118.34021880 20
115  33.92192128 -118.34021466
120 Linear Feature 67
111  33.92200940 -118.34007942 20
115  33.92192335 -118.34007694
120 Linear Feature 66
111  33.92201490 -118.33994917 20
115  33.92194399 -118.33994502
120 Linear Feature 65
111  33.92202228 -118.33980947 20
115  33.92195274 -118.33980615
120 Linear Feature 64
111  33.92202916 -118.33968088 20
115  33.92195412 -118.33967839
120 Linear Feature 63
111  33.92203577 -118.33954764 20
115  33.92195929 -118.33954672
120 Linear Feature 62
111  33.92204040 -118.33941120 20
115  33.92196626 -118.33941221
120 Linear Feature 61
111  33.92204658 -118.33927635 20
115  33.92197360 -118.33927303
120 Linear Feature 60
111  33.92194356 -118.33907010 20
115  33.92201400 -118.33907466
120 Linear Feature 59
111  33.92205337 -118.33914220 20
115  33.92197613 -118.33914128
120 Linear Feature 58
111  33.92195323 -118.33888580 20
115  33.92202654 -118.33888680
120 Linear Feature 57
111  33.92205986 -118.33900124 20
115  33.92196989 -118.33900526
120 Linear Feature 56
111  33.92195718 -118.33880341 20
115  33.92204134 -118.33880455
120 Linear Feature 55
111  33.92207208 -118.33873161 20
115  33.92199196 -118.33872934
120 Linear Feature 54
111  33.92207790 -118.33859749 20
115  33.92199185 -118.33859417
120 Linear Feature 53
111  33.92196362 -118.33866552 20
115  33.92204279 -118.33866552
120 Linear Feature 52
111  33.92196863 -118.33853137 20
115  33.92204714 -118.33853371
120 Linear Feature 51
111  33.92209890 -118.33846858 20
115  33.92201097 -118.33846632
120 Linear Feature 50
111  33.92197524 -118.33839658 20
115  33.92205754 -118.33839771
120 Linear Feature 49
111  33.92209005 -118.33833332 20
115  33.92199644 -118.33833023
120 Linear Feature 48
111  33.92198171 -118.33826034 20
115  33.92206756 -118.33826533
120 Linear Feature 47
111  33.92209594 -118.33819927 20
115  33.92201163 -118.33819491
120 Linear Feature 46
111  33.92198836 -118.33812751 20
115  33.92206916 -118.33812751
120 Linear Feature 45
111  33.92210237 -118.33806450 20
115  33.92202726 -118.33806175
120 Linear Feature 44
111  33.92199451 -118.33799079 20
115  33.92208263 -118.33799577
120 Linear Feature 43
111  33.92211022 -118.33789268 20
115  33.92203200 -118.33789217
120 Linear Feature 42
111  33.92200271 -118.33781980 20
115  33.92207724 -118.33782117
120 Linear Feature 41
111  33.92211593 -118.33775664 20
115  33.92203813 -118.33775415
120 Linear Feature 40
111  33.92200833 -118.33768179 20
115  33.92208620 -118.33768510
120 Linear Feature 39
111  33.92212378 -118.33762105 20
115  33.92203856 -118.33761443
120 Linear Feature 38
111  33.92212609 -118.33755336 20
111  33.92201401 -118.33755062 20
111  33.92184861 -118.34108463 20
111  33.92178812 -118.34108342 20
115  33.92178812 -118.34125347
120 Linear Feature 37
111  33.92209644 -118.33563346 20
115  33.92217842 -118.33563486
120 Linear Feature 36
111  33.92221704 -118.33570564 20
115  33.92212300 -118.33570204
120 Linear Feature 35
111  33.92209148 -118.33576756 20
115  33.92217654 -118.33577168
120 Linear Feature 34
111  33.92221033 -118.33584249 20
115  33.92213040 -118.33583991
120 Linear Feature 33
111  33.92208684 -118.33590126 20
115  33.92217101 -118.33590523
120 Linear Feature 32
111  33.92220303 -118.33598026 20
115  33.92210889 -118.33597527
120 Linear Feature 31
111  33.92208095 -118.33603511 20
115  33.92216372 -118.33604009
120 Linear Feature 30
111  33.92219720 -118.33611122 20
115  33.92209802 -118.33610762
120 Linear Feature 29
111  33.92207579 -118.33617098 20
115  33.92216172 -118.33617304
120 Linear Feature 28
111  33.92219078 -118.33624310 20
115  33.92211000 -118.33624258
120 Linear Feature 27
111  33.92207067 -118.33630801 20
115  33.92215573 -118.33630904
120 Linear Feature 26
111  33.92218395 -118.33638023 20
115  33.92210778 -118.33637683
120 Linear Feature 25
111  33.92206490 -118.33644052 20
115  33.92215083 -118.33644052
120 Linear Feature 24
111  33.92217802 -118.33651635 20
115  33.92210229 -118.33651107
120 Linear Feature 23
111  33.92206035 -118.33657669 20
115  33.92214986 -118.33657820
120 Linear Feature 22
111  33.92217176 -118.33664985 20
115  33.92209416 -118.33664457
120 Linear Feature 21
111  33.92205410 -118.33670792 20
115  33.92214296 -118.33671395
120 Linear Feature 20
111  33.92216488 -118.33678334 20
115  33.92206849 -118.33678108
120 Linear Feature 19
111  33.92204909 -118.33684443 20
115  33.92213546 -118.33684745
120 Linear Feature 18
111  33.92215798 -118.33691835 20
115  33.92206537 -118.33691533
120 Linear Feature 2
111  33.92265397 -118.34369455 20
111  33.92259883 -118.34369816 20
111  33.92233604 -118.34370100 20
111  33.92230530 -118.34369562 20
111  33.92227827 -118.34369246 20
111  33.92223654 -118.34368420 20
111  33.92220572 -118.34366925 20
111  33.92217966 -118.34365653 20
111  33.92215551 -118.34363545 20
111  33.92213352 -118.34361417 20
111  33.92211423 -118.34359177 20
111  33.92209564 -118.34356981 20
111  33.92207459 -118.34353964 20
111  33.92205281 -118.34350426 20
111  33.92203972 -118.34347409 20
112  33.92199828 -118.34344372  33.92197598 -118.34344808 20
111  33.92196894 -118.34346999 20
111  33.92197147 -118.34358442 20
115  33.92189671 -118.34358349
120 Linear Feature 6
111  33.92275460 -118.34296886 54
115  33.92275020 -118.34317182
120 Linear Feature 7
111  33.92261837 -118.34318484 53
112  33.92268361 -118.34312227  33.92274441 -118.34312391 53
111  33.92277721 -118.34312350 53
112  33.92281418 -118.34314730  33.92282935 -118.34317196 53
111  33.92282879 -118.34320213 53
112  33.92295332 -118.34315529  33.92298654 -118.34310679 53
115  33.92299071 -118.34304956
120 Linear Feature 8
111  33.92274836 -118.34306403 51
115  33.92262614 -118.34305990
120 Linear Feature 17
111  33.92284093 -118.34205321 51
115  33.92280214 -118.34205321
120 Linear Feature 16
111  33.92294733 -118.34197817 51
116  33.92284093 -118.34205321  33.92273642 -118.34204759
120 Linear Feature 82
111  33.92284093 -118.34205321 51
112  33.92291480 -118.34207949  33.92293780 -118.34210720 51
111  33.92293794 -118.34216138 51
111  33.92290094 -118.34294427 51
112  33.92286034 -118.34303993  33.92281929 -118.34307681
111  33.92286034 -118.34303993
112  33.92286034 -118.34303993  33.92283159 -118.34307022 51
115  33.92275687 -118.34306500
120 Linear Feature 17
111  33.92204346 -118.33697567 20
115  33.92213503 -118.33698065
120 Linear Feature 16
111  33.92260692 -118.33770858 53 102
112  33.92258862 -118.33766374  33.92257401 -118.33763513 53 102
111  33.92253625 -118.33763633 53 102
111  33.92247558 -118.33763437 53 102
111  33.92242378 -118.33763552 53 102
112  33.92238552 -118.33764696  33.92237045 -118.33765961 53 102
111  33.92236943 -118.33769119 53 102
111  33.92236694 -118.33774131 53 102
111  33.92233878 -118.33839501 53 102
111  33.92230307 -118.33917311 53 102
111  33.92227509 -118.33984487 53 102
112  33.92228626 -118.33990474  33.92229821 -118.33992235 53 102
111  33.92231930 -118.33992560 53 102
111  33.92243181 -118.33992964 53 102
112  33.92248155 -118.33990810  33.92250515 -118.33988370 53 102
115  33.92250542 -118.33985185
120 Linear Feature 16
111  33.92215016 -118.33704868 20
115  33.92207030 -118.33704287
120 Linear Feature 19
111  33.92340816 -118.34013812 51
111  33.92341734 -118.34016517 51
111  33.92342148 -118.34019416 51
111  33.92342232 -118.34026815 51
111  33.92342229 -118.34075360 51
111  33.92341692 -118.34078604 51
111  33.92340562 -118.34082501 51
111  33.92338298 -118.34086592 51
111  33.92335387 -118.34088541 51
111  33.92331993 -118.34089125 51
111  33.92324232 -118.34088930 51
115  33.92309806 -118.34088531
120 Linear Feature 18
111  33.92334750 -118.34009932 1
111  33.92337314 -118.34010477 1
111  33.92338671 -118.34011113 1
111  33.92340104 -118.34012386 1
111  33.92340633 -118.34013204 1
115  33.92340783 -118.34013840
120 Linear Feature 17
111  33.92342251 -118.33943425 51
111  33.92342292 -118.34000933 51
111  33.92341086 -118.34004023 51
111  33.92339276 -118.34006478 51
111  33.92336409 -118.34008841 51
111  33.92334826 -118.34009841 51
111  33.92330450 -118.34010113 51
115  33.92313632 -118.34010295
120 Linear Feature 15
111  33.92332918 -118.33951018 20
115  33.92324863 -118.33951018
120 Linear Feature 14
111  33.92332828 -118.33963313 20
115  33.92324506 -118.33963360
120 Linear Feature 13
111  33.92332504 -118.33977104 20
115  33.92324101 -118.33977068
120 Linear Feature 12
111  33.92324392 -118.33995480 20
115  33.92324096 -118.33995471
120 Linear Feature 11
111  33.92324015 -118.34002421 20
115  33.92324749 -118.33935115
120 Linear Feature 10
111  33.92332631 -118.33991073 20
115  33.92324389 -118.33991129
120 Linear Feature 9
111  33.92363117 -118.34003154 20
111  33.92352105 -118.34003154 20
111  33.92352217 -118.33936233 20
115  33.92363186 -118.33936308
120 Linear Feature 8
111  33.92324762 -118.33935114 20
111  33.92332681 -118.33935205 20
111  33.92332638 -118.34004679 20
115  33.92324025 -118.34004546
120 Linear Feature 7
111  33.92344001 -118.33810727 20
115  33.92360643 -118.33831389
120 Linear Feature 6
111  33.92358969 -118.33810805 20
115  33.92333417 -118.33810805
120 Linear Feature 5
111  33.92336187 -118.33729265 20
111  33.92351315 -118.33730063 20
115  33.92351112 -118.33810595
120 Linear Feature 146
111  33.92343980 -118.33748742 20
116  33.92338400 -118.33754475  33.92332752 -118.33754421
120 Linear Feature 145
111  33.92343986 -118.33761317 20
116  33.92338400 -118.33754475  33.92333069 -118.33754475
120 Linear Feature 3
111  33.92344112 -118.33729731 20
115  33.92344001 -118.33810727
120 Linear Feature 25
111  33.92361918 -118.34247552 20
115  33.92301946 -118.34247835
120 Linear Feature 24
111  33.92352162 -118.33996443 20
115  33.92359094 -118.33996556
120 Linear Feature 23
111  33.92352099 -118.33982880 20
115  33.92359069 -118.33982880
120 Linear Feature 22
111  33.92352256 -118.33969317 20
115  33.92359175 -118.33969392
120 Linear Feature 21
111  33.92352138 -118.33955970 20
115  33.92359077 -118.33956061
120 Linear Feature 20
111  33.92352288 -118.33942790 20
115  33.92359152 -118.33942972
120 Linear Feature 31
111  33.92363510 -118.33913121 106
111  33.92363261 -118.33934822 106
111  33.92363314 -118.34015005 106
111  33.92361558 -118.34244119 106
115  33.92359033 -118.34371020
120 Linear Feature 27
111  33.92241616 -118.32752824 106
111  33.92247965 -118.32752996 106
111  33.92246963 -118.32706356 106
111  33.92239941 -118.32706417 106
111  33.92240004 -118.32669540 106
111  33.92320544 -118.32668522 106
115  33.92344937 -118.32668654
120 Linear Feature 26
111  33.92356984 -118.34373603 106
111  33.92311510 -118.34371978 106
111  33.92261015 -118.34372274 106
111  33.92242046 -118.34372367 106
111  33.92230533 -118.34372456 106
115  33.92210669 -118.34371243
120 Linear Feature 15
111  33.92214388 -118.33718729 20
115  33.92207269 -118.33718181
120 Linear Feature 14
111  33.92213707 -118.33731779 20
115  33.92206360 -118.33731688
120 Linear Feature 13
111  33.92213319 -118.33738331 20
111  33.92205355 -118.33738453 20
111  33.92206289 -118.33711466 20
111  33.92203727 -118.33711319 20
111  33.92204824 -118.33684864 20
115  33.92209873 -118.33556652
120 Linear Feature 12
111  33.92198356 -118.33553711 51
115  33.92191584 -118.33629304
120 Linear Feature 11
111  33.92252834 -118.32878453 58
111  33.92257534 -118.32790084 58
111  33.92259586 -118.32749073 58
115  33.92273743 -118.32717597
120 Linear Feature 32
111  33.92264753 -118.32954611 58
115  33.92261053 -118.33037195
120 Linear Feature 31
111  33.92302102 -118.32892091 53 102
112  33.92301057 -118.32886068  33.92299802 -118.32883829 53 102
111  33.92297025 -118.32883962 53 102
111  33.92283473 -118.32883450 53 102
112  33.92279145 -118.32885342  33.92277633 -118.32887164 53 102
111  33.92277680 -118.32889935 53 102
111  33.92276877 -118.32918995 53 102
111  33.92274710 -118.32982149 53 102
111  33.92272863 -118.33023820 53 102
111  33.92268786 -118.33110320 53 102
111  33.92268521 -118.33126802 53 102
112  33.92270534 -118.33132961  33.92272804 -118.33135110 53 102
111  33.92277111 -118.33134879 53 102
111  33.92282311 -118.33135110 53 102
112  33.92288094 -118.33133225  33.92290254 -118.33131117 53 102
115  33.92290686 -118.33127950
21  33.92244185 -118.33828188 1 86.7000 3.3 07  VASI
21  33.92346534 -118.32922642 1 266.7000 3.5 25  VASI
20  33.92299469 -118.32699752 356.7000 0 3 {@R}07-25
20  33.92297482 -118.32739703 356.7000 0 3 {@R}07-25
20  33.92288445 -118.32891175 356.7000 0 3 {@R}07-25
20  33.92290017 -118.32862728 356.7000 0 3 {@R}07-25
20  33.92277560 -118.33128568 356.7000 0 3 {@R}07-25
20  33.92276196 -118.33162124 356.7000 0 3 {@R}07-25
20  33.92262142 -118.33459564 356.7000 0 3 {@R}07-25
20  33.92262894 -118.33429094 356.7000 0 3 {@R}07-25
20  33.92248088 -118.33765197 356.7000 0 3 {@R}07-25
20  33.92248385 -118.33747154 356.7000 0 3 {@R}07-25
20  33.92236392 -118.34010293 356.7000 0 3 {@R}07-25
20  33.92237222 -118.33986298 356.7000 0 3 {@R}07-25
20  33.92222291 -118.34282386 356.7000 0 3 {@R}07-25
20  33.92223836 -118.34221121 356.7000 0 3 {@R}07-25
20  33.92226076 -118.34180028 356.7000 0 3 {@R}07-25
20  33.92279798 -118.34216926 180.0000 0 3 {@R}25-07
20  33.92280404 -118.34193957 176.7000 0 3 {@R}25-07
20  33.92289862 -118.34012968 176.7000 0 3 {@R}25-07
20  33.92290314 -118.33991907 176.7000 0 3 {@R}25-07
20  33.92302383 -118.33772642 176.7000 0 3 {@R}25-07
20  33.92303008 -118.33746660 178.9200 0 3 {@R}25-07
20  33.92316909 -118.33462447 177.9400 0 3 {@R}25-07
20  33.92317526 -118.33434655 177.9400 0 3 {@R}25-07
20  33.92329421 -118.33166067 176.7000 0 3 {@R}25-07
20  33.92332108 -118.33120342 176.7000 0 3 {@R}25-07
14  33.92333689 -118.33704610  95.14 0 New Tower Viewpoint 1
1300  33.92257934 -118.32727114 270.00 misc jets|turboprops|props Admin
1300  33.92355123 -118.33805306 180.00 tie_down turboprops|props Beach Cities Aviation (North Ramp)
1300  33.92201484 -118.32906025   0.00 misc jets|turboprops|props East Transient parking
1300  33.92357696 -118.33969515 180.00 misc jets|turboprops|props|helos North ramp
1300  33.92315535 -118.34365582  90.51 misc props|helos NW ramp
1300  33.92197191 -118.34034781   0.00 misc turboprops|props|helos South ramp
18  33.92337730 -118.33704859 1 New Airport Beacon 2
19  33.92347420 -118.33106372 1 WS
50 11840 ATIS
51 12110 CTAF
53 12510 GND
54 12110 TWR
55 12430 SOCAL APP
55 12490 SOCAL APP
55 12520 SOCAL APP
55 12850 SOCAL APP
56 12430 SOCAL DEP
99
